2 * 4
ht <- c(123, 124, 125, 126, 127)
gend <-c("남" , "여", "남", "여")


